NACA 2310
    1.000000      0.1050000E-02
   0.9955062      0.1829948E-02
   0.9892276      0.2912054E-02
   0.9815321      0.4226376E-02
   0.9723289      0.5781023E-02
   0.9618058      0.7535973E-02
   0.9503575      0.9418104E-02
   0.9383734      0.1135847E-01
   0.9261149      0.1331204E-01
   0.9137240      0.1525506E-01
   0.9012693      0.1717640E-01
   0.8887824      0.1907114E-01
   0.8762777      0.2093724E-01
   0.8637618      0.2277390E-01
   0.8512378      0.2458083E-01
   0.8387073      0.2635798E-01
   0.8261711      0.2810534E-01
   0.8136299      0.2982295E-01
   0.8010841      0.3151081E-01
   0.7885341      0.3316891E-01
   0.7759803      0.3479719E-01
   0.7634231      0.3639557E-01
   0.7508629      0.3796395E-01
   0.7382999      0.3950218E-01
   0.7257346      0.4101005E-01
   0.7131674      0.4248736E-01
   0.7005986      0.4393383E-01
   0.6880286      0.4534917E-01
   0.6754578      0.4673304E-01
   0.6628865      0.4808505E-01
   0.6503152      0.4940480E-01
   0.6377442      0.5069180E-01
   0.6251740      0.5194556E-01
   0.6126050      0.5316553E-01
   0.6000375      0.5435112E-01
   0.5874721      0.5550168E-01
   0.5749091      0.5661653E-01
   0.5623491      0.5769494E-01
   0.5497924      0.5873612E-01
   0.5372397      0.5973923E-01
   0.5246914      0.6070340E-01
   0.5121481      0.6162768E-01
   0.4996102      0.6251107E-01
   0.4870785      0.6335252E-01
   0.4745535      0.6415091E-01
   0.4620358      0.6490508E-01
   0.4495263      0.6561377E-01
   0.4370255      0.6627568E-01
   0.4245344      0.6688943E-01
   0.4120538      0.6745355E-01
   0.3995846      0.6796652E-01
   0.3871280      0.6842670E-01
   0.3746854      0.6883239E-01
   0.3622587      0.6918177E-01
   0.3498507      0.6947293E-01
   0.3374668      0.6970382E-01
   0.3251168      0.6987244E-01
   0.3128191      0.6997633E-01
   0.3006203      0.7001426E-01
   0.2885847      0.6996145E-01
   0.2766562      0.6978861E-01
   0.2647871      0.6949529E-01
   0.2529643      0.6907899E-01
   0.2411826      0.6853747E-01
   0.2294421      0.6786813E-01
   0.2177454      0.6706830E-01
   0.2060969      0.6613514E-01
   0.1945020      0.6506570E-01
   0.1829672      0.6385692E-01
   0.1715007      0.6250559E-01
   0.1601118      0.6100844E-01
   0.1488123      0.5936215E-01
   0.1376168      0.5756353E-01
   0.1265439      0.5560976E-01
   0.1156182      0.5349882E-01
   0.1048725      0.5123040E-01
   0.9435253E-01  0.4880733E-01
   0.8412154E-01  0.4623806E-01
   0.7426651E-01  0.4354022E-01
   0.6490108E-01  0.4074480E-01
   0.5615970E-01  0.3789898E-01
   0.4817637E-01  0.3506370E-01
   0.4105045E-01  0.3230350E-01
   0.3481725E-01  0.2967210E-01
   0.2944271E-01  0.2720172E-01
   0.2484295E-01  0.2490196E-01
   0.2091267E-01  0.2276575E-01
   0.1754686E-01  0.2077672E-01
   0.1465215E-01  0.1891483E-01
   0.1215105E-01  0.1716004E-01
   0.9981610E-02  0.1549388E-01
   0.8095293E-02  0.1389998E-01
   0.6454764E-02  0.1236414E-01
   0.5031894E-02  0.1087430E-01
   0.3806070E-02  0.9420361E-02
   0.2762962E-02  0.7994445E-02
   0.1893208E-02  0.6590946E-02
   0.1191120E-02  0.5206610E-02
   0.6542276E-03  0.3842893E-02
   0.2793745E-03  0.2500734E-02
   0.6388097E-04  0.1190500E-02
   0.2382984E-06 -0.7208671E-04
   0.8272605E-04 -0.1333767E-02
   0.3293450E-03 -0.2629069E-02
   0.7551570E-03 -0.3931055E-02
   0.1368105E-02 -0.5222328E-02
   0.2170519E-02 -0.6490195E-02
   0.3160453E-02 -0.7725510E-02
   0.4336898E-02 -0.8925614E-02
   0.5701949E-02 -0.1009173E-01
   0.7263050E-02 -0.1122800E-01
   0.9034197E-02 -0.1234014E-01
   0.1103714E-01 -0.1343474E-01
   0.1330282E-01 -0.1451867E-01
   0.1587315E-01 -0.1559886E-01
   0.1880329E-01 -0.1668186E-01
   0.2216450E-01 -0.1777358E-01
   0.2604928E-01 -0.1887918E-01
   0.3057114E-01 -0.2000118E-01
   0.3585676E-01 -0.2113660E-01
   0.4203640E-01 -0.2227567E-01
   0.4921516E-01 -0.2339939E-01
   0.5743092E-01 -0.2447956E-01
   0.6662758E-01 -0.2548430E-01
   0.7666619E-01 -0.2638685E-01
   0.8737046E-01 -0.2717207E-01
   0.9857401E-01 -0.2783718E-01
   0.1101447     -0.2838826E-01
   0.1219872     -0.2883609E-01
   0.1340354     -0.2919310E-01
   0.1462439     -0.2947171E-01
   0.1585809     -0.2968358E-01
   0.1710236     -0.2983933E-01
   0.1835549     -0.2994852E-01
   0.1961618     -0.3001977E-01
   0.2088339     -0.3006081E-01
   0.2215624     -0.3007860E-01
   0.2343390     -0.3007947E-01
   0.2471543     -0.3006917E-01
   0.2599950     -0.3005294E-01
   0.2728360     -0.3003564E-01
   0.2856458     -0.3002123E-01
   0.2983866     -0.3001548E-01
   0.3110448     -0.2999605E-01
   0.3236507     -0.2993380E-01
   0.3362517     -0.2983049E-01
   0.3488595     -0.2968851E-01
   0.3614804     -0.2951031E-01
   0.3741164     -0.2929805E-01
   0.3867675     -0.2905380E-01
   0.3994335     -0.2877952E-01
   0.4121135     -0.2847705E-01
   0.4248068     -0.2814813E-01
   0.4375127     -0.2779443E-01
   0.4502303     -0.2741749E-01
   0.4629589     -0.2701879E-01
   0.4756979     -0.2659974E-01
   0.4884467     -0.2616165E-01
   0.5012047     -0.2570577E-01
   0.5139712     -0.2523327E-01
   0.5267458     -0.2474526E-01
   0.5395279     -0.2424279E-01
   0.5523171     -0.2372684E-01
   0.5651128     -0.2319832E-01
   0.5779147     -0.2265811E-01
   0.5907223     -0.2210700E-01
   0.6035351     -0.2154574E-01
   0.6163527     -0.2097504E-01
   0.6291748     -0.2039554E-01
   0.6420010     -0.1980782E-01
   0.6548308     -0.1921244E-01
   0.6676639     -0.1860987E-01
   0.6804999     -0.1800057E-01
   0.6933385     -0.1738494E-01
   0.7061793     -0.1676331E-01
   0.7190219     -0.1613600E-01
   0.7318660     -0.1550327E-01
   0.7447112     -0.1486532E-01
   0.7575573     -0.1422232E-01
   0.7704038     -0.1357441E-01
   0.7832504     -0.1292167E-01
   0.7960968     -0.1226414E-01
   0.8089426     -0.1160181E-01
   0.8217874     -0.1093466E-01
   0.8346309     -0.1026259E-01
   0.8474725     -0.9585511E-02
   0.8603113     -0.8903277E-02
   0.8731459     -0.8215751E-02
   0.8859733     -0.7522839E-02
   0.8987871     -0.6824604E-02
   0.9115731     -0.6121516E-02
   0.9242993     -0.5415025E-02
   0.9368956     -0.4708778E-02
   0.9492151     -0.4010935E-02
   0.9609829     -0.3337366E-02
   0.9717869     -0.2712615E-02
   0.9812099     -0.2162494E-02
   0.9890601     -0.1700297E-02
   0.9954427     -0.1321794E-02
    1.000000     -0.1050000E-02
